OriginalSet: 1
1, 1111111010001000001000101000000001000000000010001000000000000000
2, 0000000000001100000110000000000000001000000110000010000000000000
3, 0000000100000001110001100011100000010000000010000001000000001000
4, 1111100011000000110000001000000000000000000000010000001100001111
5, 0011000000010000000110000001100000001000000010000000110000001100
6, 0001100000000000000100000000000100000000010000000000000000001000
7, 0000000000000000001100000001100000001000000000000000000000000000
8, 0011100000011000000000000000001011000111100000000000000000000111
9, 0000000000000000000000001000000010000000110000011100011111111111
10, 0000000000000000000100000001110000011000000000000000000000000000
11, 1101011110000001000000010000000000000000100000001000000111100011
12, 1111111110000011100000010000000100010000000000000000000000000000
13, 0000000000001100000000100000010001001000011000000011000010000000
14, 1000000011000000100000011000100110000001100000010000001100000111
15, 0000000000000000000001100000001100000001000100010101001101111111
16, 0001111100000011000000010000011100000000000000001000000011011100
17, 0000000010000000111000010001111100001100000110000011000000110000
18, 0000000000000001100011111111110011000000000000000000000000000000
19, 1101011100000001000000001000000000000001100000001000100011001001
20, 1111110010011000000110000000100000001100000000000000000000000000
21, 1011111110010000000010001000001100010000000000000000001000000000
22, 0000000000000000001111000001100000000000000000000000000000000000
23, 0000111100000111000011100001100000010000000000000000000000000000
24, 1000000000000000000100000000000000000010000100000100000000000100
25, 1111110011000000100000000000000000000000000000000000000100001011
26, 1001001100000011100000010000000010000000000000011000000110010111
27, 0001100000011000000110000001110000011100000010000000100000000000
